Merge Test
Test Passed

Length of a:  292
Length of b:  258

Unsorted (Shellsort):  [768, 682, 25, 580, 410, 414, 111, 977, 501, 153, 418, 448, 157, 594, 80, 821, 984, 673, 89, 403, 247, 361, 763, 87, 261, 119, 981, 210, 720, 281, 386, 640, 309, 880, 217, 344, 997, 509, 907, 341, 923, 297, 605, 1000, 875, 805, 858, 151, 616, 877, 955, 70, 340, 246, 579, 611, 286, 990, 713, 773, 575, 192, 91, 410, 242, 635, 999, 490, 994, 360, 725, 959, 723, 646, 967, 847, 608, 382, 179, 463, 51, 839, 150, 520, 54, 763, 149, 23, 431, 884, 101, 76, 216, 403, 22, 127, 712, 285, 315, 981, 836, 718, 67, 657, 536, 945, 325, 615, 162, 165, 621, 193, 403, 375, 904, 715, 574, 279, 740, 642, 1001, 414, 112, 963, 981, 348, 855, 491, 280, 991, 152, 566, 701, 282, 634, 846, 852, 824, 232, 664, 91, 116, 876, 114, 681, 282, 571, 885, 826, 351, 163, 725, 935, 838, 522, 184, 420, 547, 819, 399, 659, 167, 102, 741, 224, 49, 90, 916, 226, 491, 389, 131, 289, 42, 9, 683, 1020, 25, 514, 173, 207, 1000, 749, 35, 223, 368, 151, 1020, 12, 812, 474, 72, 110, 377, 976, 823, 717, 337, 382, 645, 766, 393, 141, 487, 569, 43, 1023, 858, 937, 241, 344, 803, 236, 885, 184, 92, 556, 264, 343, 923, 857, 608, 68, 231, 89, 812, 991, 601, 794, 937, 55, 208, 694, 331, 584, 231, 462, 337, 431, 307, 346, 224, 960, 305, 407, 275, 884, 920, 805, 413, 921, 780, 993, 248, 640, 892, 136, 629, 534, 501, 320, 646, 14, 949, 257, 228, 186, 484, 939, 769, 232, 483, 845, 21, 95, 631, 374, 94, 214, 496, 883, 790, 290, 671, 837, 883, 761, 580, 568, 411, 832, 413]
Sorted (Shellsort):  [9, 12, 14, 21, 22, 23, 25, 25, 35, 42, 43, 49, 51, 54, 55, 67, 68, 70, 72, 76, 80, 87, 89, 89, 90, 91, 91, 92, 94, 95, 101, 102, 110, 111, 112, 114, 116, 119, 127, 131, 136, 141, 149, 150, 151, 151, 152, 153, 157, 162, 163, 165, 167, 173, 179, 184, 184, 186, 192, 193, 207, 208, 210, 214, 216, 217, 223, 224, 224, 226, 228, 231, 231, 232, 232, 236, 241, 242, 246, 247, 248, 257, 261, 264, 275, 279, 280, 281, 282, 282, 285, 286, 289, 290, 297, 305, 307, 309, 315, 320, 325, 331, 337, 337, 340, 341, 343, 344, 344, 346, 348, 351, 360, 361, 368, 374, 375, 377, 382, 382, 386, 389, 393, 399, 403, 403, 403, 407, 410, 410, 411, 413, 413, 414, 414, 418, 420, 431, 431, 448, 462, 463, 474, 483, 484, 487, 490, 491, 491, 496, 501, 501, 509, 514, 520, 522, 534, 536, 547, 556, 566, 568, 569, 571, 574, 575, 579, 580, 580, 584, 594, 601, 605, 608, 608, 611, 615, 616, 621, 629, 631, 634, 635, 640, 640, 642, 645, 646, 646, 657, 659, 664, 671, 673, 681, 682, 683, 694, 701, 712, 713, 715, 717, 718, 720, 723, 725, 725, 740, 741, 749, 761, 763, 763, 766, 768, 769, 773, 780, 790, 794, 803, 805, 805, 812, 812, 819, 821, 823, 824, 826, 832, 836, 837, 838, 839, 845, 846, 847, 852, 855, 857, 858, 858, 875, 876, 877, 880, 883, 883, 884, 884, 885, 885, 892, 904, 907, 916, 920, 921, 923, 923, 935, 937, 937, 939, 945, 949, 955, 959, 960, 963, 967, 976, 977, 981, 981, 981, 984, 990, 991, 991, 993, 994, 997, 999, 1000, 1000, 1001, 1020, 1020, 1023]

Unsorted (Quicksort):  [984, 448, 572, 74, 565, 260, 628, 840, 630, 752, 78, 966, 259, 623, 30, 286, 31, 186, 680, 573, 449, 248, 321, 828, 88, 874, 718, 663, 124, 246, 545, 853, 543, 186, 885, 188, 455, 752, 503, 291, 839, 927, 347, 129, 954, 7, 769, 109, 658, 873, 880, 276, 52, 73, 840, 904, 173, 923, 150, 628, 434, 538, 186, 496, 506, 898, 801, 283, 13, 105, 223, 817, 774, 414, 135, 37, 1022, 974, 70, 393, 705, 131, 765, 546, 568, 762, 104, 32, 383, 1020, 544, 15, 993, 565, 154, 904, 973, 33, 125, 59, 921, 177, 57, 139, 543, 412, 250, 744, 434, 850, 723, 746, 883, 529, 924, 946, 906, 60, 130, 671, 632, 310, 486, 709, 351, 1022, 890, 201, 979, 450, 330, 510, 16, 702, 622, 129, 993, 873, 177, 742, 50, 351, 978, 478, 858, 455, 495, 210, 579, 632, 836, 457, 558, 699, 487, 181, 561, 984, 558, 439, 779, 107, 172, 465, 20, 627, 600, 39, 854, 138, 620, 375, 121, 820, 340, 239, 917, 305, 359, 771, 636, 32, 955, 483, 398, 546, 206, 919, 935, 927, 389, 335, 56, 909, 201, 720, 909, 120, 381, 406, 707, 240, 716, 968, 851, 722, 133, 158, 517, 811, 52, 462, 703, 208, 765, 854, 93, 463, 405, 127, 810, 713, 107, 429, 704, 967, 918, 276, 103, 524, 417, 784, 952, 203, 532, 907, 570, 102, 329, 567, 641, 269, 135, 458, 985, 825, 48, 671, 77, 176, 314, 947, 642, 433, 449, 94, 544, 373]
Sorted (Quicksort):  [7, 13, 15, 16, 20, 30, 31, 32, 32, 33, 37, 39, 48, 50, 52, 52, 56, 57, 59, 60, 70, 73, 74, 77, 78, 88, 93, 94, 102, 103, 104, 105, 107, 107, 109, 120, 121, 124, 125, 127, 129, 129, 130, 131, 133, 135, 135, 138, 139, 150, 154, 158, 172, 173, 176, 177, 177, 181, 186, 186, 186, 188, 201, 201, 203, 206, 208, 210, 223, 239, 240, 246, 248, 250, 259, 260, 269, 276, 276, 283, 286, 291, 305, 310, 314, 321, 329, 330, 335, 340, 347, 351, 351, 359, 373, 375, 381, 383, 389, 393, 398, 405, 406, 412, 414, 417, 429, 433, 434, 434, 439, 448, 449, 449, 450, 455, 455, 457, 458, 462, 463, 465, 478, 483, 486, 487, 495, 496, 503, 506, 510, 517, 524, 529, 532, 538, 543, 543, 544, 544, 545, 546, 546, 558, 558, 561, 565, 565, 567, 568, 570, 572, 573, 579, 600, 620, 622, 623, 627, 628, 628, 630, 632, 632, 636, 641, 642, 658, 663, 671, 671, 680, 699, 702, 703, 704, 705, 707, 709, 713, 716, 718, 720, 722, 723, 742, 744, 746, 752, 752, 762, 765, 765, 769, 771, 774, 779, 784, 801, 810, 811, 817, 820, 825, 828, 836, 839, 840, 840, 850, 851, 853, 854, 854, 858, 873, 873, 874, 880, 883, 885, 890, 898, 904, 904, 906, 907, 909, 909, 917, 918, 919, 921, 923, 924, 927, 927, 935, 946, 947, 952, 954, 955, 966, 967, 968, 973, 974, 978, 979, 984, 984, 985, 993, 993, 1020, 1022, 1022]

Length of c:  550

Merged:  [7, 9, 12, 13, 14, 15, 16, 20, 21, 22, 23, 25, 25, 30, 31, 32, 32, 33, 35, 37, 39, 42, 43, 48, 49, 50, 51, 52, 52, 54, 55, 56, 57, 59, 60, 67, 68, 70, 70, 72, 73, 74, 76, 77, 78, 80, 87, 88, 89, 89, 90, 91, 91, 92, 93, 94, 94, 95, 101, 102, 102, 103, 104, 105, 107, 107, 109, 110, 111, 112, 114, 116, 119, 120, 121, 124, 125, 127, 127, 129, 129, 130, 131, 131, 133, 135, 135, 136, 138, 139, 141, 149, 150, 150, 151, 151, 152, 153, 154, 157, 158, 162, 163, 165, 167, 172, 173, 173, 176, 177, 177, 179, 181, 184, 184, 186, 186, 186, 186, 188, 192, 193, 201, 201, 203, 206, 207, 208, 208, 210, 210, 214, 216, 217, 223, 223, 224, 224, 226, 228, 231, 231, 232, 232, 236, 239, 240, 241, 242, 246, 246, 247, 248, 248, 250, 257, 259, 260, 261, 264, 269, 275, 276, 276, 279, 280, 281, 282, 282, 283, 285, 286, 286, 289, 290, 291, 297, 305, 305, 307, 309, 310, 314, 315, 320, 321, 325, 329, 330, 331, 335, 337, 337, 340, 340, 341, 343, 344, 344, 346, 347, 348, 351, 351, 351, 359, 360, 361, 368, 373, 374, 375, 375, 377, 381, 382, 382, 383, 386, 389, 389, 393, 393, 398, 399, 403, 403, 403, 405, 406, 407, 410, 410, 411, 412, 413, 413, 414, 414, 414, 417, 418, 420, 429, 431, 431, 433, 434, 434, 439, 448, 448, 449, 449, 450, 455, 455, 457, 458, 462, 462, 463, 463, 465, 474, 478, 483, 483, 484, 486, 487, 487, 490, 491, 491, 495, 496, 496, 501, 501, 503, 506, 509, 510, 514, 517, 520, 522, 524, 529, 532, 534, 536, 538, 543, 543, 544, 544, 545, 546, 546, 547, 556, 558, 558, 561, 565, 565, 566, 567, 568, 568, 569, 570, 571, 572, 573, 574, 575, 579, 579, 580, 580, 584, 594, 600, 601, 605, 608, 608, 611, 615, 616, 620, 621, 622, 623, 627, 628, 628, 629, 630, 631, 632, 632, 634, 635, 636, 640, 640, 641, 642, 642, 645, 646, 646, 657, 658, 659, 663, 664, 671, 671, 671, 673, 680, 681, 682, 683, 694, 699, 701, 702, 703, 704, 705, 707, 709, 712, 713, 713, 715, 716, 717, 718, 718, 720, 720, 722, 723, 723, 725, 725, 740, 741, 742, 744, 746, 749, 752, 752, 761, 762, 763, 763, 765, 765, 766, 768, 769, 769, 771, 773, 774, 779, 780, 784, 790, 794, 801, 803, 805, 805, 810, 811, 812, 812, 817, 819, 820, 821, 823, 824, 825, 826, 828, 832, 836, 836, 837, 838, 839, 839, 840, 840, 845, 846, 847, 850, 851, 852, 853, 854, 854, 855, 857, 858, 858, 858, 873, 873, 874, 875, 876, 877, 880, 880, 883, 883, 883, 884, 884, 885, 885, 885, 890, 892, 898, 904, 904, 904, 906, 907, 907, 909, 909, 916, 917, 918, 919, 920, 921, 921, 923, 923, 923, 924, 927, 927, 935, 935, 937, 937, 939, 945, 946, 947, 949, 952, 954, 955, 955, 959, 960, 963, 966, 967, 967, 968, 973, 974, 976, 977, 978, 979, 981, 981, 981, 984, 984, 984, 985, 990, 991, 991, 993, 993, 993, 994, 997, 999, 1000, 1000, 1001, 1020, 1020, 1020, 1022, 1022, 1023]
