Shellsort Test
Test Passed

Quicksort Test
Test Passed

Length of a:  265
Length of b:  283

Unsorted (Shellsort):  [833, 37, 702, 1017, 520, 489, 373, 778, 403, 805, 1009, 77, 142, 649, 152, 103, 539, 44, 38, 297, 724, 990, 590, 66, 86, 998, 599, 691, 548, 192, 734, 275, 799, 192, 544, 477, 758, 747, 894, 806, 258, 623, 268, 31, 133, 700, 885, 218, 674, 342, 168, 512, 655, 458, 167, 717, 977, 441, 376, 477, 475, 151, 551, 671, 519, 421, 501, 995, 244, 332, 559, 365, 729, 44, 45, 394, 563, 972, 290, 180, 1001, 229, 110, 657, 799, 458, 819, 835, 486, 769, 284, 699, 313, 787, 984, 404, 45, 960, 312, 884, 621, 534, 724, 720, 394, 752, 594, 313, 331, 420, 188, 547, 743, 251, 878, 297, 708, 284, 793, 817, 335, 621, 257, 555, 247, 117, 655, 254, 320, 213, 614, 829, 934, 693, 279, 688, 259, 479, 49, 906, 104, 965, 75, 635, 252, 948, 198, 45, 93, 875, 900, 352, 204, 194, 342, 120, 295, 289, 631, 745, 71, 448, 449, 647, 110, 615, 469, 980, 662, 14, 304, 530, 245, 867, 869, 608, 757, 505, 307, 838, 422, 972, 543, 939, 197, 96, 631, 477, 568, 997, 622, 445, 186, 749, 109, 978, 954, 845, 905, 860, 151, 304, 451, 265, 961, 249, 411, 673, 240, 538, 200, 837, 972, 15, 266, 688, 176, 494, 164, 422, 540, 795, 416, 787, 757, 934, 481, 654, 38, 23, 928, 183, 894, 164, 1008, 204, 772, 409, 500, 895, 542, 96, 494, 292, 121, 1009, 966, 851, 426, 183, 259, 233, 633, 132, 520, 761, 258, 499, 677, 853, 765, 883, 812, 759, 728]
Sorted (Shellsort):  [14, 15, 23, 31, 37, 38, 38, 44, 44, 45, 45, 45, 49, 66, 71, 75, 77, 86, 93, 96, 96, 103, 104, 109, 110, 110, 117, 120, 121, 132, 133, 142, 151, 151, 152, 164, 164, 167, 168, 176, 180, 183, 183, 186, 188, 192, 192, 194, 197, 198, 200, 204, 204, 213, 218, 229, 233, 240, 244, 245, 247, 249, 251, 252, 254, 257, 258, 258, 259, 259, 265, 266, 268, 275, 279, 284, 284, 289, 290, 292, 295, 297, 297, 304, 304, 307, 312, 313, 313, 320, 331, 332, 335, 342, 342, 352, 365, 373, 376, 394, 394, 403, 404, 409, 411, 416, 420, 421, 422, 422, 426, 441, 445, 448, 449, 451, 458, 458, 469, 475, 477, 477, 477, 479, 481, 486, 489, 494, 494, 499, 500, 501, 505, 512, 519, 520, 520, 530, 534, 538, 539, 540, 542, 543, 544, 547, 548, 551, 555, 559, 563, 568, 590, 594, 599, 608, 614, 615, 621, 621, 622, 623, 631, 631, 633, 635, 647, 649, 654, 655, 655, 657, 662, 671, 673, 674, 677, 688, 688, 691, 693, 699, 700, 702, 708, 717, 720, 724, 724, 728, 729, 734, 743, 745, 747, 749, 752, 757, 757, 758, 759, 761, 765, 769, 772, 778, 787, 787, 793, 795, 799, 799, 805, 806, 812, 817, 819, 829, 833, 835, 837, 838, 845, 851, 853, 860, 867, 869, 875, 878, 883, 884, 885, 894, 894, 895, 900, 905, 906, 928, 934, 934, 939, 948, 954, 960, 961, 965, 966, 972, 972, 972, 977, 978, 980, 984, 990, 995, 997, 998, 1001, 1008, 1009, 1009, 1017]

Unsorted (Quicksort):  [672, 220, 533, 406, 811, 904, 493, 874, 818, 285, 396, 468, 672, 517, 241, 245, 947, 774, 308, 0, 0, 209, 361, 13, 533, 318, 747, 8, 869, 670, 176, 18, 287, 144, 659, 22, 215, 787, 76, 48, 516, 154, 752, 690, 36, 742, 252, 959, 202, 837, 976, 473, 232, 295, 384, 280, 112, 653, 27, 69, 864, 1021, 789, 479, 184, 194, 154, 27, 403, 517, 834, 298, 625, 363, 1006, 920, 101, 232, 132, 877, 67, 602, 89, 965, 202, 567, 123, 739, 879, 937, 755, 356, 46, 708, 942, 639, 49, 517, 681, 885, 593, 25, 693, 18, 714, 490, 879, 489, 367, 268, 223, 708, 755, 592, 387, 766, 956, 588, 41, 341, 100, 48, 38, 1009, 479, 173, 733, 1018, 504, 577, 316, 394, 894, 940, 503, 783, 623, 390, 290, 404, 894, 410, 777, 90, 231, 788, 243, 473, 953, 761, 587, 469, 103, 639, 813, 440, 65, 736, 950, 434, 968, 699, 455, 240, 24, 29, 98, 416, 78, 680, 675, 42, 25, 654, 548, 741, 21, 556, 578, 273, 493, 817, 466, 722, 593, 591, 121, 407, 303, 867, 860, 127, 946, 84, 279, 572, 932, 323, 725, 127, 539, 285, 59, 462, 13, 828, 116, 527, 978, 61, 271, 914, 332, 206, 754, 139, 367, 224, 749, 861, 715, 350, 579, 654, 564, 519, 106, 686, 858, 146, 465, 790, 640, 393, 278, 257, 545, 145, 137, 500, 319, 797, 752, 759, 270, 874, 667, 287, 557, 234, 985, 59, 442, 415, 594, 721, 229, 383, 919, 492, 316, 740, 731, 940, 651, 882, 717, 373, 29, 790, 764, 659, 440, 534, 742, 135, 149, 164, 104, 909, 643, 255, 805]
Sorted (Quicksort):  [0, 0, 8, 13, 13, 18, 18, 21, 22, 24, 25, 25, 27, 27, 29, 29, 36, 38, 41, 42, 46, 48, 48, 49, 59, 59, 61, 65, 67, 69, 76, 78, 84, 89, 90, 98, 100, 101, 103, 104, 106, 112, 116, 121, 123, 127, 127, 132, 135, 137, 139, 144, 145, 146, 149, 154, 154, 164, 173, 176, 184, 194, 202, 202, 206, 209, 215, 220, 223, 224, 229, 231, 232, 232, 234, 240, 241, 243, 245, 252, 255, 257, 268, 270, 271, 273, 278, 279, 280, 285, 285, 287, 287, 290, 295, 298, 303, 308, 316, 316, 318, 319, 323, 332, 341, 350, 356, 361, 363, 367, 367, 373, 383, 384, 387, 390, 393, 394, 396, 403, 404, 406, 407, 410, 415, 416, 434, 440, 440, 442, 455, 462, 465, 466, 468, 469, 473, 473, 479, 479, 489, 490, 492, 493, 493, 500, 503, 504, 516, 517, 517, 517, 519, 527, 533, 533, 534, 539, 545, 548, 556, 557, 564, 567, 572, 577, 578, 579, 587, 588, 591, 592, 593, 593, 594, 602, 623, 625, 639, 639, 640, 643, 651, 653, 654, 654, 659, 659, 667, 670, 672, 672, 675, 680, 681, 686, 690, 693, 699, 708, 708, 714, 715, 717, 721, 722, 725, 731, 733, 736, 739, 740, 741, 742, 742, 747, 749, 752, 752, 754, 755, 755, 759, 761, 764, 766, 774, 777, 783, 787, 788, 789, 790, 790, 797, 805, 811, 813, 817, 818, 828, 834, 837, 858, 860, 861, 864, 867, 869, 874, 874, 877, 879, 879, 882, 885, 894, 894, 904, 909, 914, 919, 920, 932, 937, 940, 940, 942, 946, 947, 950, 953, 956, 959, 965, 968, 976, 978, 985, 1006, 1009, 1018, 1021]
